P0: 7.215377e+02 0.000000e+00 6.095593e+02 0.000000e+00 0.000000e+00 7.215377e+02 1.728540e+02 0.000000e+00 0.000000e+00 0.000000e+00 1.000000e+00 0.000000e+00 
P1: 7.215377e+02 0.000000e+00 6.095593e+02 -3.875744e+02 0.000000e+00 7.215377e+02 1.728540e+02 0.000000e+00 0.000000e+00 0.000000e+00 1.000000e+00 0.000000e+00 
P2: 7.215377e+02 0.000000e+00 6.095593e+02 4.485728e+01 0.000000e+00 7.215377e+02 1.728540e+02 2.163791e-01 0.000000e+00 0.000000e+00 1.000000e+00 2.745884e-03 
P3: 7.215377e+02 0.000000e+00 6.095593e+02 -3.875744e+02 0.000000e+00 7.215377e+02 1.728540e+02 0.000000e+00 0.000000e+00 0.000000e+00 1.000000e+00 0.000000e+00 
R0_rect: 9.999239e-01 9.837760e-03 -7.445048e-03 -9.869795e-03 9.999421e-01 -4.278459e-03 7.402527e-03 4.351614e-03 9.999631e-01 
Tr_velo_to_cam: 7.533745e-03 -9.999714e-01 -6.166020e-04 1.480249e-02 1.480249e-02 6.166020e-04 -9.999714e-01 -7.533745e-03 9.998621e-01 7.523790e-03 1.489252e-02 0.000000e+00 
Tr_imu_to_velo: -1.000000e+00 0.000000e+00 0.000000e+00 -8.086759e-01 0.000000e+00 -1.000000e+00 0.000000e+00 3.195559e-01 0.000000e+00 0.000000e+00 -1.000000e+00 -7.997231e-01 
